[gd_scene format=3 uid="uid://c0e27836xgmhi"]

[ext_resource type="PackedScene" uid="uid://d371g8rskqa2c" path="res://assets/models/character.glb" id="1_vn7w5"]
[ext_resource type="Material" uid="uid://dbh26qd27takw" path="res://assets/materials/character_body.tres" id="2_ntlox"]

[node name="character" unique_id=518893791 instance=ExtResource("1_vn7w5")]

[node name="leg-left" parent="character/root" parent_id_path=PackedInt32Array(1496090868) index="0" unique_id=452559009]
transform = Transform3D(0.965926, 0, 0.258819, 0, 1, 0, -0.258819, 0, 0.965926, 0.125, 0.17625, -0.02375)
material_override = ExtResource("2_ntlox")

[node name="leg-right" parent="character/root" parent_id_path=PackedInt32Array(1496090868) index="1" unique_id=351797573]
transform = Transform3D(0.965926, 0, -0.258819, 0, 1, 0, 0.258819, 0, 0.965926, -0.125, 0.17625, -0.02375)
material_override = ExtResource("2_ntlox")

[node name="torso" parent="character/root" parent_id_path=PackedInt32Array(1496090868) index="2" unique_id=1202629663]
transform = Transform3D(1, 0, 0, 0, 0.996194, 0.0871557, 0, -0.0871557, 0.996194, -1.80478e-15, 0.17625, -0.02375)
material_override = ExtResource("2_ntlox")

[node name="arm-left" parent="character/root/torso" index="0" unique_id=944330754]
transform = Transform3D(0.707107, 0.707107, 0, -0.707107, 0.707107, 0, 0, 0, 1, 0.3, 0.175, 0)
material_override = ExtResource("2_ntlox")

[node name="arm-right" parent="character/root/torso" index="1" unique_id=1627382774]
transform = Transform3D(0.707107, -0.707107, 0, 0.707107, 0.707107, 0, 0, 0, 1, -0.3, 0.1195, 0)
material_override = ExtResource("2_ntlox")

[node name="antenna" parent="character/root/torso" index="2" unique_id=1435504130]
transform = Transform3D(1, 0, 0, 0, 0.999999, 0, 0, 0, 0.999999, 0, 0.6, 0)
material_override = ExtResource("2_ntlox")

[node name="AnimationPlayer" parent="." index="1" unique_id=1106877572]
deterministic = true
playback_default_blend_time = 0.2
